pred
1388.246264
798.6537319999995
2228.3060979999987
1466.910534
2559.887814000002
3548.4010740000026
3239.2634759999996
3221.087136000002
413.401878
1857.8283459999989
349.79134600000003
190.28564000000003
2249.5118279999997
3704.810809999998
1685.4327519999995
2179.6361180000004
546.2289779999999
1105.9470639999997
2490.8177220000016
331.04241799999977
1152.180215999999
1403.4198460000002
55.534378000000004
1718.9291499999986
3256.0482939999974
1208.8797439999998
1427.9412600000003
199.83986999999993
1326.3335220000006
3505.437000000001
793.1342499999995
1908.7953360000001
3900.4428240000034
5141.687106
1877.2430740000004
272.65841600000005
583.780098
2834.576919999999
524.477292
3223.2243539999995
4116.215288
431.70472
2517.363168
1250.2458980000004
2275.950746000001
2796.4332379999996
1820.9829739999993
2978.529538000001
223.90854
1786.694274
697.5053959999999
1370.4094819999993
4378.453934000001
4433.988312
3206.639275999999
1446.2241279999996
2742.823021999998
1498.3030039999994
3770.3188720000007
149.12588400000013
1197.0617940000002
3431.985943999998
729.8699340000004
1582.5932839999994
1134.9359960000008
1074.920784
2663.6993499999994
1778.8977559999998
3776.777132000001
2628.3520279999993
150.30435000000008
2785.1479280000003
2810.734622000001
4288.997045999999
2510.299030000003
3103.5934100000013
2372.192136000002
5046.883843999999
1305.0079479999995
3578.7748699999966
5143.777717999999
3618.190230000003
579.2526579999998
5765.029039999998
784.3323739999997
3043.8445179999994
918.9504760000008
2954.321049999999
2303.3550740000014
2266.003693999999
3811.685026
2584.2094880000004
605.4984939999997
4768.379704000003
2542.310694000001
983.3266780000006
3319.525666
425.66591399999976
2285.1787339999987
1428.0744200000001
1598.778882
2447.2011639999996
5337.225908
1488.0763159999995
1787.6263940000008
1558.2915840000014
4978.526157999996
2514.8997080000013
3844.655442000001
1218.141022
2262.954330000002
2048.3736480000007
1599.1783619999999
1665.651834
2911.123946
1235.6049559999994
2654.1051719999987
1270.1133699999996
2116.3385120000003
1140.9215379999994
620.6121540000003
4166.549767999999
2791.7593219999994
89.19722600000001
2002.939455999998
157.58154400000004
4362.141834000001
3331.050663999999
4117.540230000001
413.7281200000001
4065.0818480000003
4225.772677999997
2458.899270000001
3464.8165419999987
2438.1462840000013
1194.9179179999996
797.2289200000004
3719.105535999996
705.6214979999995
1499.7344739999999
5457.003328
1515.9600199999995
169.49270599999983
2657.1811680000014
1066.8978940000002
896.5596219999998
234.90755600000003
2634.9967120000006
2172.8582740000006
845.9388480000006
1764.2834459999983
2772.2114340000007
1822.5875520000006
1829.2721839999986
3269.9834880000017
3375.1732299999985
1347.0598760000005
1639.0930719999994
5857.848218
2292.2228980000004
2276.290303999999
1306.8322399999997
2013.0263259999992
1411.8555319999994
868.8556839999999
412.942476
1912.5105
1095.6604540000005
3303.939287999998
1479.427574
2636.4947620000007
2676.1032040000005
4625.965083999997
1474.7802900000006
1224.5793080000005
1039.400354
2839.983215999999
3179.3281600000005
3035.801654000001
4630.685605999998
1316.2666259999996
3564.2138239999995
3694.0514819999976
2503.0817579999984
943.7981319999999
1431.376788
2670.6036959999988
481.53319200000004
777.5811620000001
801.3036160000001
3394.741092
1592.7533920000008
835.0530179999996
771.0230320000003
1224.3529359999993
2249.085716
167.49530600000003
4109.703763999999
1504.588156000001
2858.805382
3556.5837560000004
3865.2086880000006
340.29037999999963
838.2888060000004
4265.361146000003
1423.380529999999
1584.0647020000013
3529.099531999999
5077.450721999997
2859.804082000002
2785.420906
6525.365982000008
902.8647480000006
5393.612510000001
1904.9270380000003
2677.807652000001
2116.7379920000003
488.55072399999966
3835.5805879999984
2007.833086
88.245132
2142.677559999999
3443.3777819999996
4313.525117999997
2018.199592000001
1606.7019019999996
2321.9641840000013
496.9398039999998
2812.5256239999994
4120.642858000001
2634.111198000001
1254.9797360000005
4951.434755999998
4139.811239999999
2040.883398000001
2114.78054
2523.295445999999
2181.0942200000004
2579.1560660000005
2137.750640000001
188.81422199999997
1548.0116320000006
242.790628
1492.4106739999995
1953.1176419999977
2158.6434440000003
3540.671135999998
1274.6274939999998
607.196284
174.6859460000001
732.233524
1495.4999859999998
2254.958072000001
3993.588243999998
1826.1828720000008
2513.221892
959.0249779999998
4314.224208000002
742.9861940000003
5097.304878000001
333.61240599999996
319.1578880000001
2168.8434999999995
3898.452082
1596.4685559999996
3276.2153759999987
1172.7068299999994
2224.0982419999996
932.2465019999993
1412.02864
3493.199595999999
321.7678239999998
2011.6081720000002
3379.8338300000014
850.2199420000004
268.097686
996.5960719999998
4242.670682000004
1352.1865359999993
1245.2257659999993
2836.587635999999
1115.1484199999998
3107.215361999997
2868.0733180000007
389.59952799999985
4324.510817999998
4328.106137999997
972.9401980000002
1081.5122040000003
6432.466907999998
5182.18772
1966.1140580000003
2495.6714039999993
4533.771758000002
1481.7778480000002
203.075658
2571.4394439999996
841.7576239999995
3650.042102
1155.6157439999993
1328.67048
2903.746881999999
2719.919502000002
1423.3339240000005
3839.615336
445.393568
4927.645721999998
284.84255600000006
1132.3460340000006
2300.6918739999996
233.22973999999994
1949.3492140000023
706.87986
2164.0231079999994
2822.2463040000002
980.0975479999995
2154.0627400000008
1232.635488
2653.7256660000003
4750.762635999997
1099.761782
3988.0221559999995
437.7768159999999
1689.5540540000009
2845.982074
3514.2788240000023
708.1448799999998
2373.7367920000015
2016.3220359999998
4346.875039999998
750.7494220000001
3785.505769999997
3007.9112920000007
1879.673244
921.8533640000002
1131.36065
3916.2422579999998
720.9482139999996
1378.9583540000003
2672.474593999999
3431.5997800000005
3745.3780039999997
2738.9214339999994
2306.184724000001
341.90827399999995
1921.7518040000004
4179.725950000001
1551.4405019999997
2515.8850920000004
2170.8808480000002
3809.9206560000007
3667.705776
315.2629580000002
1261.617762
1107.2320579999996
1492.5172019999998
149.43215200000012
1238.3879999999997
2234.464748000001
377.3421500000002
212.39685800000007
535.4030700000002
4348.393064
3266.7876480000023
2045.1578339999999
2356.519204
1574.1376240000006
322.33375399999983
3431.1803259999992
1596.0757340000011
1582.9461579999997
1851.4699560000006
2234.711093999998
2038.7195480000012
197.36309400000002
1405.8566739999994
2578.5901360000003
4698.943422
3763.960482000001
322.22056800000024
2705.51159
316.9540899999998
785.7372119999999
74.72273400000002
3064.8505080000014
3431.8527839999997
6268.067571999999
2879.0590180000017
3326.283535999998
3148.168719999998
398.374772
3345.385337999999
187.35612000000003
3615.001047999997
3787.9492560000012
1875.0592500000002
1992.0403100000005
3938.266922000001
2117.869852000001
2780.960046000001
4359.671716000001
1515.8401759999992
167.9879980000001
913.3777299999998
2787.178617999999
2628.5118200000015
1678.162216
4565.716842000002
3476.7143879999985
961.8213380000002
594.6859019999996
246.29939400000006
1461.9037179999993
2160.947111999999
4056.552949999998
2236.48878
3708.0399399999988
1927.4976580000011
1387.2076160000004
747.46037
83.19171
3344.1536080000014
2396.673602000001
345.86978400000015
1482.7432580000009
2313.2089140000007
2524.4073320000007
1655.604911999999
458.91596600000014
5298.496322000001
3236.467116000001
1365.4892199999997
1883.528225999999
3087.860556000001
131.448894
2436.568337999999
316.72771800000004
945.2096279999998
3313.493518000001
285.6481740000001
3966.876348000001
1818.8990199999998
466.0733159999997
331.4751879999999
1567.8191819999995
2466.8289480000008
1540.0420060000006
3501.655256
4672.917299999996
2626.700844000001
3682.9059899999993
2590.2283200000015
2512.3763260000005
353.02713399999993
2111.391618000001
1471.2315760000006
4702.145919999995
189.15378000000004
8298.178326000007
4712.69885
3798.708583999998
6956.305031999996
790.5442879999994
4837.2300819999955
1891.6043799999998
343.35306000000014
5030.059077999999
5142.878887999998
1362.4531719999993
761.2956939999998
3658.963822000001
1647.7351560000004
849.707276
2953.5021160000006
564.0457859999999
1990.502311999999
4745.243154000003
353.73954000000003
4968.499209999998
3331.816333999999
3800.333135999999
1460.6520139999996
1005.9971680000001
4440.659628
70.56814200000002
1925.2539120000001
2691.682923999998
1130.4684779999998
3465.4224199999985
278.18455600000016
1728.2969559999995
5673.148639999997
1655.8246260000012
694.3761360000004
2205.5956600000004
1777.3930480000004
3096.3228740000004
2170.388156
3165.439572000003
1982.5992659999995
3360.312574
1891.9173059999987
418.2422440000002
3720.510374000001
3771.816922
3123.154614000003
2903.587089999999
2032.9803519999984
2642.9663379999997
1962.4854479999997
3874.736285999998
5376.055364
788.83984
2767.5574919999995
3151.4045079999983
195.17261200000007
992.9608040000004
2520.698826
3690.7291400000004
186.87008600000001
5634.3524739999975
2773.816012
801.4234599999997
885.5606060000005
2090.086017999998
305.6022000000001
2385.188552000001
4743.7451040000005
1761.2007919999999
1952.6981879999992
2780.274272000001
1276.9711099999995
3412.2449739999997
2607.252825999999
1794.976826
1527.9244459999995
5349.736290000001
5310.167795999999
5255.798567999997
992.2483979999997
867.8103779999998
4583.586913999999
2807.485518
1183.4861320000002
2018.9186559999996
1683.2156380000008
310.32937999999996
2917.4157560000026
859.2282159999999
2133.855709999999
2909.885557999998
444.2949980000002
2142.397923999999
82.77891399999999
232.71041600000007
384.89897999999977
3041.6806679999995
918.3778879999998
5585.336277999997
3697.6201700000015
2807.2591460000003
2576.2598360000015
1268.5886880000007
2312.283452
3544.692568
3200.021223999999
1177.460641999999
989.7183579999997
1888.2354320000004
2729.993055999999
330.1435880000001
3709.2650119999994
83.74432399999999
607.4626039999996
1564.3237320000003
668.5164639999999
1763.5377500000002
5882.868981999997
813.4478079999999
1669.2404960000006
2767.810496000001
1612.1614620000005
281.320474
1765.4552539999997
1983.5047540000003
3573.2886780000017
1358.6847440000004
74.40980800000003
2160.1281780000004
1204.924892
3906.921058000003
1216.1103319999995
152.78112600000014
2166.7462300000016
908.4441520000009
2013.8119700000007
3428.437230000002
3768.4546320000004
4057.1654859999985
286.8000079999999
1553.8839880000003
687.8912440000003
725.5355759999995
568.9527319999999
4003.7483520000005
1552.1329340000004
3815.6997999999967
3683.4386299999996
3578.122386000001
2388.983611999999
4670.080991999999
2131.2058259999976
4178.667328000001
2679.159225999999
2173.5440479999997
4058.477112
1399.1720420000001
176.91637599999999
3355.552103999998
2012.3938160000005
1781.7606960000003
1631.8158779999994
1533.5304820000008
796.3300900000006
720.1425960000001
3107.255310000004
122.39401400000001
1917.397472
2680.9768599999975
3401.20601
2725.811831999999
3877.672464000001
3777.130006
1463.9676980000002
450.08079999999995
379.74568800000003
309.39060199999983
2375.055076000002
3813.103179999999
2835.622225999999
605.7648139999994
1543.7838020000004
4443.542542000002
855.6795020000002
1446.98314
966.1889860000006
3307.3348680000013
3985.6718820000006
854.0815820000004
1436.0440459999995
449.6413719999999
2930.6518600000018
1472.063826
2277.5619820000006
3459.9828339999995
5811.721594
228.04981600000008
3407.0783659999997
4311.15487
2427.460194
4643.602126000002
137.29461799999999
141.702214
1999.9899619999987
167.66175599999994
1158.32555
3247.652556000001
2337.1777139999995
3657.359244000002
4272.951265999997
496.400506
1927.084862000001
4340.869524000002
3772.5026959999973
2628.6383219999993
593.92689
2091.018138
4134.657948000001
2300.2324719999983
3611.345805999999
3311.0433739999994
3184.541374000002
2862.4406499999986
6567.211511999995
4855.453028
2202.3731880000023
1865.6381799999997
3784.147538
1877.0100439999992
1639.4925520000006
689.6023500000005
2773.3832420000003
3880.0959760000023
4787.308398000001
1676.2979760000003
1762.0729899999985
3337.1027860000004
714.0039200000001
2506.084516000001
3509.138848
4619.966226
1085.7733239999998
748.765338
3907.280590000001
3545.3317360000005
3335.4516019999987
1311.0733859999996
2354.4352499999986
2988.889386000001
2849.570736000001
766.5288820000003
465.42083200000036
136.528948
2460.1243419999987
3076.901487999999
285.787992
2397.8920160000002
895.0549139999994
1900.8723160000022
2457.3745880000015
2844.111176
1650.4183300000007
2123.582416
131.64863399999996
2677.787678000001
3270.043409999999
245.44051199999998
169.605892
970.8695599999999
1604.3782600000004
2872.5741259999986
2584.9951319999996
3628.4568659999986
1377.859784000001
3514.511853999997
3518.05391
2692.4752260000014
4143.153555999996
1881.4775620000012
3360.372496000001
4386.902936000001
632.2436800000002
2695.391430000002
3398.1965940000005
1534.6290519999998
5485.293170000001
3335.578104
420.05322000000007
4053.5302180000026
482.9247139999999
222.51701800000004
307.16017200000005
3950.650801999999
1793.1259020000005
1676.1248679999999
3284.664378000001
4310.109563999998
3029.2435239999986
4504.656324000001
3537.854801999999
6243.978927999997
3823.616161999997
406.344398
3067.5203659999993
190.6651460000001
1420.411062
1798.272536
2677.128535999998
3638.270757999999
4051.2065759999987
192.42285800000013
323.2392420000001
2803.7570379999997
189.10051600000006
304.41041800000005
3978.8540899999975
2709.0669619999994
1559.683106
2723.1752640000004
3542.215791999999
432.5236540000002
788.7998920000001
2690.011766
1634.432472000001
3713.119994
344.8178199999999
1867.1095980000005
743.4389379999999
165.35143000000005
563.5397780000004
1982.645872000001
3118.067902
244.37523199999984
561.8086980000002
424.5740019999997
2074.4330600000017
136.55558000000008
2153.4635200000002
2095.1927040000023
189.47336400000003
2461.888712
2395.2953960000027
3758.381078000002
622.3365759999998
176.01088799999997
82.59248999999996
1229.1533540000005
579.5722420000003
230.45335399999988
734.2841880000003
2205.256102000001
328.69214400000004
2572.7244379999997
2868.206478000002
1851.842804000001
2187.6124019999993
2838.0191059999993
2471.1100420000007
1621.036576
1546.7066640000003
2159.6354860000006
1146.5741800000005
195.10603200000006
3507.847195999998
4432.5435259999995
2216.7478099999994
355.0777979999999
3479.603959999999
5721.492377999999
3458.2251220000007
350.2973540000002
285.99439
4399.120365999998
2486.7496840000013
166.43668400000007
124.03188199999997
1959.6557980000011
2205.469158000001
3833.822876000003
1955.8008159999983
1962.9182179999998
3214.7154300000007
2510.418873999999
3106.1034759999993
251.4393699999999
2346.452308000003
6497.775229999995
1875.0193019999997
1350.448798
1744.076416
2658.006760000001
1042.4497179999998
2709.6395499999994
4172.249016000002
5662.149623999999
383.2810860000002
1798.079454
3262.2602080000006
953.1859119999998
1536.693031999999
3068.312668000001
3242.752268
3333.0347479999987
4850.512791999999
79.06375
3679.949838000002
2366.373044000001
2963.7221460000023
554.1386820000004
4271.020446000002
204.0344100000001
2767.3644100000006
3003.9897299999993
5355.149243999999
3176.218874
2187.0331560000004
3750.0452620000015
2703.6007440000003
267.5583880000002
320.402934
3542.209134
4445.313569999998
3118.5739099999982
2203.385203999998
1264.900156
4420.792155999999
828.801156
3527.561534
693.5372280000006
1038.1752820000002
1387.6537019999998
2367.8444620000014
1961.1405319999997
2051.609436
204.46718000000013
74.92247400000005
424.7071619999999
316.12184
174.67928799999999
374.099704
1822.5076559999995
1828.3999859999997
2428.412288000001
3044.67011
1705.14709
3488.4657580000035
1346.5671839999998
492.47228599999994
3777.243191999999
2505.6051400000015
4040.620355999998
1930.7068140000006
2639.524152
1290.5334559999994
2313.3553900000006
195.25250800000006
2429.5907540000003
3403.849235999998
2407.2731379999987
1755.0221679999997
1044.1009019999997
3462.7525619999997
2882.135014
2641.5947900000006
2255.4441060000004
474.4424219999999
4615.079254
3657.013028
456.29271399999993
1459.706578000001
3302.188233999997
223.20279200000002
3222.2256540000008
2851.6480319999973
3952.8745740000054
80.21558399999999
788.253936
1371.6545280000003
3107.9344260000025
2404.323644000001
3136.6703540000003
2758.5625339999992
1140.5686639999988
1787.6929739999996
2885.5106199999987
702.8517700000001
77.67888600000006
2925.5851219999986
219.81387000000018
266.68619
2523.5085020000015
2995.3609619999993
1065.266684
3255.6554719999986
4742.812984
2937.5229160000004
1143.5381319999988
4550.663103999999
1439.8657379999997
2742.3969100000013
3884.077459999998
4944.643595999997
331.228842
3027.0463839999993
4450.380308000002
3360.6854219999996
3428.583705999999
207.32346200000015
231.33220999999998
1521.8190599999998
2881.0297859999987
2908.5472999999993
3017.5986820000003
1671.7372460000001
1162.726488
3055.7157319999997
1723.9892300000013
1727.9307659999997
668.5497539999997
1463.787932
1297.1248760000012
1363.2987380000004
2539.42778
5280.186822000001
4523.924576000002
2296.1178280000004
1953.7368360000007
3603.7556860000013
5161.734343999998
5176.055701999998
4793.227359999999
3484.7905420000006
1727.384809999999
2878.5663259999988
1306.9853739999999
1212.5016959999998
3221.2669020000003
1748.5173019999988
153.22721200000004
581.702802
1704.5012639999993
3715.237237999999
2678.506742
432.07756800000027
1542.5587299999997
1047.9159360000003
2727.6228079999996
1416.9755340000008
2426.3416499999994
2409.1839840000025
2034.5915880000011
870.7465559999996
1612.261331999999
3056.1285279999997
2960.992366
701.3603780000001
1039.0674540000005
1023.4943920000001
466.56600799999995
1008.8867399999995
2521.677552
1722.6376560000008
1367.1404040000002
2251.961971999999
700.4748639999997
720.8882919999998
3305.637078
385.8710480000002
4845.512633999998
430.73265200000003
2316.5978359999995
262.64478400000013
3620.027838
1307.3915120000001
3144.9329320000006
2988.6030920000003
3733.273760000001
160.13821599999997
2528.8615340000006
3760.857854
2658.392924
2197.8191160000006
3390.952690000001
4793.313913999998
453.62285599999996
91.43431399999997
1552.1861980000008
585.9772379999998
1771.1811340000004
2322.5367720000004
2079.9325679999997
2225.463132
5373.099212000001
363.71322399999974
3188.2099319999984
1848.134298
3699.2913280000002
297.04001200000016
3997.203538
4654.667721999997
2682.3683819999983
717.5592920000003
654.0752620000006
3707.0878459999967
2501.064383999998
3416.6991759999974
1554.2168879999995
3165.486178000002
3363.8279980000016
1912.7035820000006
3891.314705999997
3059.7038740000007
1747.6384460000002
1515.1610600000006
1322.937942
1267.0240580000002
2118.069591999999
2124.5877739999996
3485.283234000002
2579.988316000001
998.0608320000001
1486.1787860000002
946.4213839999998
510.3490160000004
1858.2544580000013
1605.9628639999999
2205.442526
489.6958999999998
1145.1427099999999
3945.3843240000015
2747.8032060000005
4451.572089999996
1796.621352
1528.8232759999994
2663.5195839999997
2026.2690879999982
962.853328
1375.5694320000005
828.5548100000004
3754.7924159999984
142.58772800000008
1598.9519900000003
1495.58654
2872.9003679999983
3373.395544000001
884.3421920000004
3332.8616399999987
1350.8482779999997
2280.578056000001
3205.8003679999983
1027.522482
614.273738
2691.8427159999997
3099.1325500000016
3109.572293999999
3373.2557260000012
3335.2318880000016
1467.6029660000013
134.7712360000001
3304.784853999999
1782.7727120000009
3619.182272000002
758.0465899999995
364.7984779999998
3798.4555800000044
1046.484466
4327.506918000002
2797.025799999999
2475.7107200000014
2257.787722000002
2987.051778000002
1807.4272859999996
2959.6541079999997
1235.7447739999998
3893.478556000002
583.0410599999998
1669.5267900000003
1587.36707
3279.8573019999994
1044.5869359999995
3929.1521199999975
70.24190000000003
553.8057819999999
4356.376005999998
1066.8179980000004
3094.831482
2564.0424060000005
1693.1160840000011
1495.5133019999987
1309.8017079999995
437.19757
1814.1851560000002
4070.068690000002
98.132262
993.5067599999998
1000.1248120000001
6761.791562000001
1616.3227120000004
2695.824200000001
926.9600500000001
2267.1355539999995
3597.017790000001
1386.12902
2631.00857
597.7286080000006
1866.150845999999
2266.3432519999997
1390.8562000000002
970.8629019999992
2916.337159999999
663.2832760000002
225.67291000000014
4014.9204760000007
2126.8115459999985
1291.5521300000005
3197.9572439999993
315.16974600000003
3643.7902400000016
1342.0730340000002
4962.620195999996
5924.128608000002
2666.7487140000026
5431.030470000001
2551.3788900000004
3308.433437999999
373.62698600000004
3937.9806279999993
1344.363386
398.5478799999998
2744.034778000001
269.4226279999999
4585.7574220000015
2968.8754380000005
3091.668932000002
443.1831120000001
4103.518482
1423.560296
2403.5380000000005
1234.8059960000005
2284.126770000001
2001.647804
3159.9533800000004
339.80434600000007
2027.2478139999998
933.2185699999995
2725.652040000001
2648.059707999998
674.1691059999996
2573.0040740000013
1269.0347740000007
200.265982
4173.241058000002
4319.290946
2997.7578419999977
3298.00701
681.9589659999998
266.46647600000034
4148.653063999999
1335.9277000000004
2376.872710000003
3860.4415600000007
450.14072200000015
596.8430940000001
3224.8888540000007
4175.997470000003
444.4348160000001
3264.15108
2642.5335680000007
2479.259434
1040.1726820000001
1717.4643899999996
988.5199179999996
2763.6958520000003
2157.744614000002
1868.8073880000004
1986.1479800000016
4425.60589
2179.556222
3057.120570000002
3096.808908000001
912.0527879999993
1766.247556
154.978266
1596.3021060000008
1160.442794000001
3926.7885299999984
3273.4123579999996
3335.9775840000007
2904.805504
539.6708479999999
3839.821733999999
3651.107381999998
1374.031434
3078.233087999998
300.5221459999999
1870.9579219999996
3408.709576
191.57063400000004
613.075298
1951.6262500000005
3578.6616840000006
1255.7720379999994
1231.9696880000001
1088.9824800000006
432.676788
688.5304119999995
3158.208984000003
4241.918327999996
2984.8612960000005
5422.434991999995
1777.6993159999997
1982.339604
4597.675241999999
330.1968519999999
1203.2803659999988
217.13069600000006
2008.9383139999984
2887.274990000001
626.9971760000001
815.8247140000002
814.619616
327.27399
691.5930920000002
1049.3074579999995
729.2241079999995
2313.668316000001
5173.658821999997
2260.3510519999995
1661.8101680000002
2474.665414
913.9636339999998
2039.5584560000011
2680.3310340000003
3440.6746339999995
3909.61089
1740.860602
1920.6465760000003
2453.346498000001
2080.1056760000006
1415.1445839999997
2187.01984
1596.7215600000002
1742.545076
666.7720679999998
3354.560062000004
4587.228840000002
1855.637863999999
4994.671807999999
1202.947466
582.6948440000001
4543.452489999999
1456.5773179999999
5949.069476000001
1442.4157519999994
4968.958611999997
1493.256239999999
4022.497279999998
3466.7873099999974
2145.400682000001
1326.7529760000007
343.2997960000001
1607.946948
803.8802620000002
224.48778599999994
548.2862999999999
2188.2182800000005
527.9461099999999
2720.452141999997
612.2630219999999
3635.2480259999984
2382.911515999999
832.4963459999999
3033.2449820000015
490.4149640000001
1016.3836480000002
1776.2678459999997
1647.741813999999
1018.3144679999996
2235.077283999999
333.9785959999998
405.4588840000001
2677.288327999999
2680.5640639999997
6608.424531999994
5349.769579999997
229.507918
230.2802459999999
1855.4181499999997
781.9754419999996
531.2484780000001
1051.1716979999992
1976.3540620000006
3622.131765999997
1314.4689660000001
460.21427599999976
3089.478450000002
577.1820199999997
3328.221014000001
1617.4146239999993
427.1972539999996
3448.2647540000007
1057.8097239999995
2721.663898000001
1057.8896200000004
1896.8109360000005
649.0684459999994
2551.1724919999997
1102.0321600000004
3218.1043520000003
352.90729000000005
1373.4388719999981
616.7971199999997
1750.4015159999994
2106.2582999999995
2864.9041100000004
5147.685963999998
1273.3358419999995
2839.40397
1379.064882
1681.9905660000006
4849.4408539999995
252.810918
4381.902778000003
3102.8610300000005
124.96400200000008
2140.0476500000022
549.6178999999996
3089.917877999999
3425.2214160000017
2677.9274960000002
1854.85222
4315.029826000001
1673.5415639999999
1360.6488540000005
1676.464426000001
2095.1261239999994
2098.388544000001
2000.3028880000006
3184.7810619999987
4603.967052000001
4400.545178000001
736.0552160000001
1461.6041080000007
7328.939976000003
3916.1224139999995
3460.921612
1867.9152160000003
1778.737964
316.25500000000005
2611.507287999998
525.928736
1991.2080600000004
2966.0657620000006
3332.6219519999977
4378.700279999997
1237.2694559999998
3581.8841559999987
630.2063320000001
828.28849
728.2986459999998
2540.819302
497.2194400000002
2198.451626000001
3206.705856
3736.356413999999
1685.67244
1198.7928740000004
3130.3852020000004
2858.3126900000025
159.81197399999996
2378.557184000002
2539.374516000001
244.97445199999999
3358.7945500000005
2847.2004879999995
2229.344746
2239.491538
2929.733055999999
2260.0714160000007
4004.2943080000005
1376.7478979999996
4820.445263999995
3126.7033279999987
840.8654520000001
1394.25178
2855.762676000001
2237.2611080000006
1159.9434440000007
2369.315880000001
1750.5147020000004
2404.629912000002
1755.5281759999998
740.329652
4236.3855300000005
1899.6072960000008
1213.5270279999995
510.4222540000002
6462.581042
2435.9025380000026
1647.0360659999997
7070.316624000002
4408.894309999999
6394.349857999996
1055.4661079999996
902.6650080000001
1890.4259140000001
2508.461421999999
5742.857899999998
2673.2868700000017
714.3368199999999
2432.573537999999
2199.2306120000007
2292.3693740000012
3085.177381999998
965.1370220000003
2321.251778
1762.3592840000003
2334.647674
689.0364199999999
3856.719738000001
764.5314820000007
2765.3603520000006
987.934013999999
3647.532036000002
3993.321923999999
748.5056760000001
191.43747399999992
3072.7668699999986
211.444764
462.3315200000002
412.2833339999999
952.4668480000005
1326.4267339999994
3001.7326680000015
1787.87274
1603.0533179999998
2456.1362000000013
1852.3421540000008
2151.8456259999994
496.6934579999999
398.8541480000003
2452.3145080000004
1807.5937360000007
3217.991165999999
3438.6306279999967
2055.2713360000016
3748.0811519999984
1433.6072179999996
3539.512644000001
1687.3968620000014
918.1448579999998
3535.724241999998
2439.8973380000007
2712.409278000003
262.09882799999997
712.5458179999996
1269.7405219999996
1434.1598320000007
1917.6305019999993
4239.707872000002
2935.984917999998
591.7364079999998
951.2617500000003
1657.2294639999998
2386.5667580000004
1093.170362000001
2835.309299999999
2136.3125120000004
1980.3555200000008
2263.4536800000005
1782.6928160000007
520.8287079999996
1479.2744399999992
3198.343408000002
3767.269507999999
5905.839082
2085.1857299999997
4258.530037999998
3853.3108419999994
7767.715492000004
2216.6412819999996
1230.2386079999997
4718.424729999997
1718.9091759999992
2236.641914
1335.6014579999994
5753.390856000002
4861.318726000001
1778.3584580000004
1765.5817560000003
1637.3220440000005
373.8000939999999
2311.4711760000027
1402.947128
373.78012
3219.668982000001
1070.2002620000005
2544.740864000001
2909.6725019999985
1442.9816820000012
367.881132
626.9905179999995
6803.683698000012
647.603686
4206.650901999997
3439.070055999999
2652.240932000001
1109.482461999999
2718.827590000001
1494.5678660000003
4112.51344
1012.0958959999999
253.37684799999997
495.4750440000002
1454.266992
3690.6692180000014
2164.296085999999
1100.3343699999991
872.0115760000001
818.973948
2503.2881560000005
3921.295680000001
2611.06786
2628.1389719999984
866.8982320000001
2052.787902
1118.770371999999
3619.981231999999
2934.074071999999
1429.998582
4447.657186000004
3348.421386
1273.5156079999995
2095.186046
376.1370520000001
3007.6050239999995
6288.700714000003
1301.911978
1913.3960140000004
3533.5004700000004
2394.842651999999
3510.656871999998
886.8589159999999
2880.4838300000015
2853.4789819999987
2891.136629999999
2315.7189799999996
608.5478579999999
1917.6637919999994
3015.5879659999996
5024.606176
312.42664999999994
187.00324600000013
3075.170408000003
919.2034799999997
274.68910599999987
1421.9623760000002
2588.1243919999965
1925.0941200000007
1540.4548020000009
1385.8027780000002
1480.1932439999996
3337.9350359999976
843.961422
2283.3078360000018
2375.7541660000006
1998.165669999999
2307.869198
1807.1676239999997
82.91207400000003
4117.919735999999
3139.986037999998
1334.895709999999
530.3762800000001
182.34264600000014
3120.078617999999
2421.6078120000016
3700.9558279999987
3509.857912000002
2215.6492399999997
849.0015279999997
3658.810687999998
242.657468
343.6460119999999
1633.7400399999997
4174.179835999997
3229.4229520000026
1662.76892
5256.2313380000005
656.1126099999996
3688.538657999999
4251.945275999999
697.1724959999999
1015.9242459999994
75.69480200000002
1414.7850519999995
1734.948298
264.009674
2203.618234
881.5658059999996
226.02578400000021
1514.7615800000003
3365.572394000002
1276.4983919999995
2287.548982
1854.4793719999989
1519.7817120000009
2199.210638
2205.5091060000013
1319.089618
1166.9410020000005
1545.6280679999988
2128.6092060000014
4065.74099
2320.998774
2598.3111319999994
682.7113199999997
1613.7993299999996
2604.5696519999997
990.464054
393.52774799999975
3593.8086339999986
1650.9642859999992
1886.1181880000013
2255.4307900000017
2766.432290000001
3820.9130139999975
1202.041978
148.193764
4826.424148000003
2110.6392640000004
2306.830549999999
1214.1129319999993
1906.2453220000016
1375.8357520000004
2405.641928000001
1478.4754800000003
4701.4268559999955
1161.2284379999999
2765.1339800000014
241.345842
1041.1181180000008
4035.160795999997
997.4150060000003
1882.6027640000011
